1	2	5	7	11	8	10	19	14	18	21	12	6	3	15	9	19	13	17	13	8	
2	3	6	8	12	9	11	20	15	19	1	13	7	4	16	10	20	14	18	14	9	
3	4	7	9	13	10	12	21	16	20	2	14	8	5	17	11	21	15	19	15	10	
4	5	8	10	14	11	13	1	17	21	3	15	9	6	18	12	1	16	20	16	11	
5	6	9	11	15	12	14	2	18	1	4	16	10	7	19	13	2	17	21	17	12	
6	7	10	12	16	13	15	3	19	2	5	17	11	8	20	14	3	18	1	18	13	
7	8	11	13	17	14	16	4	20	3	6	18	12	9	21	15	4	19	2	19	14	
8	9	12	14	18	15	17	5	21	4	7	19	13	10	1	16	5	20	3	20	15	
9	10	13	15	19	16	18	6	1	5	8	20	14	11	2	17	6	21	4	21	16	
10	11	14	16	20	17	19	7	2	6	9	21	15	12	3	18	7	1	5	1	17	
11	12	15	17	21	18	20	8	3	7	10	1	16	13	4	19	8	2	6	2	18	
12	13	16	18	1	19	21	9	4	8	11	2	17	14	5	20	9	3	7	3	19	
13	14	17	19	2	20	1	10	5	9	12	3	18	15	6	21	10	4	8	4	20	
14	15	18	20	3	21	2	11	6	10	13	4	19	16	7	1	11	5	9	5	21	
15	16	19	21	4	1	3	12	7	11	14	5	20	17	8	2	12	6	10	6	1	
16	17	20	1	5	2	4	13	8	12	15	6	21	18	9	3	13	7	11	7	2	
17	18	21	2	6	3	5	14	9	13	16	7	1	19	10	4	14	8	12	8	3	
18	19	1	3	7	4	6	15	10	14	17	8	2	20	11	5	15	9	13	9	4	
19	20	2	4	8	5	7	16	11	15	18	9	3	21	12	6	16	10	14	10	5	
20	21	3	5	9	6	8	17	12	16	19	10	4	1	13	7	17	11	15	11	6	
21	1	4	6	10	7	9	18	13	17	20	11	5	2	14	8	18	12	16	12	7	
1	3	9	13	18	16	19	8	4	12	17	10	5	6	7	2	14	18	14	15	20	
2	4	10	14	19	17	20	9	5	13	18	11	6	7	8	3	15	19	15	16	21	
3	5	11	15	20	18	21	10	6	14	19	12	7	8	9	4	16	20	16	17	1	
4	6	12	16	21	19	1	11	7	15	20	13	8	9	10	5	17	21	17	18	2	
5	7	13	17	1	20	2	12	8	16	21	14	9	10	11	6	18	1	18	19	3	
6	8	14	18	2	21	3	13	9	17	1	15	10	11	12	7	19	2	19	20	4	
7	9	15	19	3	1	4	14	10	18	2	16	11	12	13	8	20	3	20	21	5	
8	10	16	20	4	2	5	15	11	19	3	17	12	13	14	9	21	4	21	1	6	
9	11	17	21	5	3	6	16	12	20	4	18	13	14	15	10	1	5	1	2	7	
10	12	18	1	6	4	7	17	13	21	5	19	14	15	16	11	2	6	2	3	8	
11	13	19	2	7	5	8	18	14	1	6	20	15	16	17	12	3	7	3	4	9	
12	14	20	3	8	6	9	19	15	2	7	21	16	17	18	13	4	8	4	5	10	
13	15	21	4	9	7	10	20	16	3	8	1	17	18	19	14	5	9	5	6	11	
14	16	1	5	10	8	11	21	17	4	9	2	18	19	20	15	6	10	6	7	12	
15	17	2	6	11	9	12	1	18	5	10	3	19	20	21	16	7	11	7	8	13	
16	18	3	7	12	10	13	2	19	6	11	4	20	21	1	17	8	12	8	9	14	
17	19	4	8	13	11	14	3	20	7	12	5	21	1	2	18	9	13	9	10	15	
18	20	5	9	14	12	15	4	21	8	13	6	1	2	3	19	10	14	10	11	16	
19	21	6	10	15	13	16	5	1	9	14	7	2	3	4	20	11	15	11	12	17	
20	1	7	11	16	14	17	6	2	10	15	8	3	4	5	21	12	16	12	13	18	
21	2	8	12	17	15	18	7	3	11	16	9	4	5	6	1	13	17	13	14	19	
1	4	12	17	2	3	7	18	10	5	13	21	20	8	19	15	9	16	11	14	6	
2	5	13	18	3	4	8	19	11	6	14	1	21	9	20	16	10	17	12	15	7	
3	6	14	19	4	5	9	20	12	7	15	2	1	10	21	17	11	18	13	16	8	
4	7	15	20	5	6	10	21	13	8	16	3	2	11	1	18	12	19	14	17	9	
5	8	16	21	6	7	11	1	14	9	17	4	3	12	2	19	13	20	15	18	10	
6	9	17	1	7	8	12	2	15	10	18	5	4	13	3	20	14	21	16	19	11	
7	10	18	2	8	9	13	3	16	11	19	6	5	14	4	21	15	1	17	20	12	
8	11	19	3	9	10	14	4	17	12	20	7	6	15	5	1	16	2	18	21	13	
9	12	20	4	10	11	15	5	18	13	21	8	7	16	6	2	17	3	19	1	14	
10	13	21	5	11	12	16	6	19	14	1	9	8	17	7	3	18	4	20	2	15	
11	14	1	6	12	13	17	7	20	15	2	10	9	18	8	4	19	5	21	3	16	
12	15	2	7	13	14	18	8	21	16	3	11	10	19	9	5	20	6	1	4	17	
13	16	3	8	14	15	19	9	1	17	4	12	11	20	10	6	21	7	2	5	18	
14	17	4	9	15	16	20	10	2	18	5	13	12	21	11	7	1	8	3	6	19	
15	18	5	10	16	17	21	11	3	19	6	14	13	1	12	8	2	9	4	7	20	
16	19	6	11	17	18	1	12	4	20	7	15	14	2	13	9	3	10	5	8	21	
17	20	7	12	18	19	2	13	5	21	8	16	15	3	14	10	4	11	6	9	1	
18	21	8	13	19	20	3	14	6	1	9	17	16	4	15	11	5	12	7	10	2	
19	1	9	14	20	21	4	15	7	2	10	18	17	5	16	12	6	13	8	11	3	
20	2	10	15	21	1	5	16	8	3	11	19	18	6	17	13	7	14	9	12	4	
21	3	11	16	1	2	6	17	9	4	12	20	19	7	18	14	8	15	10	13	5	
1	5	15	2	10	17	14	13	12	3	7	9	19	4	11	20	21	6	8	18	16	
2	6	16	3	11	18	15	14	13	4	8	10	20	5	12	21	1	7	9	19	17	
3	7	17	4	12	19	16	15	14	5	9	11	21	6	13	1	2	8	10	20	18	
4	8	18	5	13	20	17	16	15	6	10	12	1	7	14	2	3	9	11	21	19	
5	9	19	6	14	21	18	17	16	7	11	13	2	8	15	3	4	10	12	1	20	
6	10	20	7	15	1	19	18	17	8	12	14	3	9	16	4	5	11	13	2	21	
7	11	21	8	16	2	20	19	18	9	13	15	4	10	17	5	6	12	14	3	1	
8	12	1	9	17	3	21	20	19	10	14	16	5	11	18	6	7	13	15	4	2	
9	13	2	10	18	4	1	21	20	11	15	17	6	12	19	7	8	14	16	5	3	
10	14	3	11	19	5	2	1	21	12	16	18	7	13	20	8	9	15	17	6	4	
11	15	4	12	20	6	3	2	1	13	17	19	8	14	21	9	10	16	18	7	5	
12	16	5	13	21	7	4	3	2	14	18	20	9	15	1	10	11	17	19	8	6	
13	17	6	14	1	8	5	4	3	15	19	21	10	16	2	11	12	18	20	9	7	
14	18	7	15	2	9	6	5	4	16	20	1	11	17	3	12	13	19	21	10	8	
15	19	8	16	3	10	7	6	5	17	21	2	12	18	4	13	14	20	1	11	9	
16	20	9	17	4	11	8	7	6	18	1	3	13	19	5	14	15	21	2	12	10	
17	21	10	18	5	12	9	8	7	19	2	4	14	20	6	15	16	1	3	13	11	
18	1	11	19	6	13	10	9	8	20	3	5	15	21	7	16	17	2	4	14	12	
19	2	12	20	7	14	11	10	9	21	4	6	16	1	8	17	18	3	5	15	13	
20	3	13	21	8	15	12	11	10	1	5	7	17	2	9	18	19	4	6	16	14	
21	4	14	1	9	16	13	12	11	2	6	8	18	3	10	19	20	5	7	17	15	
