1	2	3	4	5	6	7	8	9	10	11	12	13	14	15	16	17	18	19	20	21	22	23	24	25	
2	3	4	5	6	7	8	9	10	11	12	13	14	15	16	17	18	19	20	21	22	23	24	25	1	
3	4	5	6	7	8	9	10	11	12	13	14	15	16	17	18	19	20	21	22	23	24	25	1	2	
4	5	6	7	8	9	10	11	12	13	14	15	16	17	18	19	20	21	22	23	24	25	1	2	3	
5	6	7	8	9	10	11	12	13	14	15	16	17	18	19	20	21	22	23	24	25	1	2	3	4	
6	7	8	9	10	11	12	13	14	15	16	17	18	19	20	21	22	23	24	25	1	2	3	4	5	
7	8	9	10	11	12	13	14	15	16	17	18	19	20	21	22	23	24	25	1	2	3	4	5	6	
8	9	10	11	12	13	14	15	16	17	18	19	20	21	22	23	24	25	1	2	3	4	5	6	7	
9	10	11	12	13	14	15	16	17	18	19	20	21	22	23	24	25	1	2	3	4	5	6	7	8	
10	11	12	13	14	15	16	17	18	19	20	21	22	23	24	25	1	2	3	4	5	6	7	8	9	
11	12	13	14	15	16	17	18	19	20	21	22	23	24	25	1	2	3	4	5	6	7	8	9	10	
12	13	14	15	16	17	18	19	20	21	22	23	24	25	1	2	3	4	5	6	7	8	9	10	11	
13	14	15	16	17	18	19	20	21	22	23	24	25	1	2	3	4	5	6	7	8	9	10	11	12	
14	15	16	17	18	19	20	21	22	23	24	25	1	2	3	4	5	6	7	8	9	10	11	12	13	
15	16	17	18	19	20	21	22	23	24	25	1	2	3	4	5	6	7	8	9	10	11	12	13	14	
16	17	18	19	20	21	22	23	24	25	1	2	3	4	5	6	7	8	9	10	11	12	13	14	15	
17	18	19	20	21	22	23	24	25	1	2	3	4	5	6	7	8	9	10	11	12	13	14	15	16	
18	19	20	21	22	23	24	25	1	2	3	4	5	6	7	8	9	10	11	12	13	14	15	16	17	
19	20	21	22	23	24	25	1	2	3	4	5	6	7	8	9	10	11	12	13	14	15	16	17	18	
20	21	22	23	24	25	1	2	3	4	5	6	7	8	9	10	11	12	13	14	15	16	17	18	19	
21	22	23	24	25	1	2	3	4	5	6	7	8	9	10	11	12	13	14	15	16	17	18	19	20	
22	23	24	25	1	2	3	4	5	6	7	8	9	10	11	12	13	14	15	16	17	18	19	20	21	
23	24	25	1	2	3	4	5	6	7	8	9	10	11	12	13	14	15	16	17	18	19	20	21	22	
24	25	1	2	3	4	5	6	7	8	9	10	11	12	13	14	15	16	17	18	19	20	21	22	23	
25	1	2	3	4	5	6	7	8	9	10	11	12	13	14	15	16	17	18	19	20	21	22	23	24	
1	3	5	7	9	11	13	15	17	19	21	23	25	2	4	6	8	10	12	14	16	18	20	22	24	
2	4	6	8	10	12	14	16	18	20	22	24	1	3	5	7	9	11	13	15	17	19	21	23	25	
3	5	7	9	11	13	15	17	19	21	23	25	2	4	6	8	10	12	14	16	18	20	22	24	1	
4	6	8	10	12	14	16	18	20	22	24	1	3	5	7	9	11	13	15	17	19	21	23	25	2	
5	7	9	11	13	15	17	19	21	23	25	2	4	6	8	10	12	14	16	18	20	22	24	1	3	
6	8	10	12	14	16	18	20	22	24	1	3	5	7	9	11	13	15	17	19	21	23	25	2	4	
7	9	11	13	15	17	19	21	23	25	2	4	6	8	10	12	14	16	18	20	22	24	1	3	5	
8	10	12	14	16	18	20	22	24	1	3	5	7	9	11	13	15	17	19	21	23	25	2	4	6	
9	11	13	15	17	19	21	23	25	2	4	6	8	10	12	14	16	18	20	22	24	1	3	5	7	
10	12	14	16	18	20	22	24	1	3	5	7	9	11	13	15	17	19	21	23	25	2	4	6	8	
11	13	15	17	19	21	23	25	2	4	6	8	10	12	14	16	18	20	22	24	1	3	5	7	9	
12	14	16	18	20	22	24	1	3	5	7	9	11	13	15	17	19	21	23	25	2	4	6	8	10	
13	15	17	19	21	23	25	2	4	6	8	10	12	14	16	18	20	22	24	1	3	5	7	9	11	
14	16	18	20	22	24	1	3	5	7	9	11	13	15	17	19	21	23	25	2	4	6	8	10	12	
15	17	19	21	23	25	2	4	6	8	10	12	14	16	18	20	22	24	1	3	5	7	9	11	13	
16	18	20	22	24	1	3	5	7	9	11	13	15	17	19	21	23	25	2	4	6	8	10	12	14	
17	19	21	23	25	2	4	6	8	10	12	14	16	18	20	22	24	1	3	5	7	9	11	13	15	
18	20	22	24	1	3	5	7	9	11	13	15	17	19	21	23	25	2	4	6	8	10	12	14	16	
19	21	23	25	2	4	6	8	10	12	14	16	18	20	22	24	1	3	5	7	9	11	13	15	17	
20	22	24	1	3	5	7	9	11	13	15	17	19	21	23	25	2	4	6	8	10	12	14	16	18	
21	23	25	2	4	6	8	10	12	14	16	18	20	22	24	1	3	5	7	9	11	13	15	17	19	
22	24	1	3	5	7	9	11	13	15	17	19	21	23	25	2	4	6	8	10	12	14	16	18	20	
23	25	2	4	6	8	10	12	14	16	18	20	22	24	1	3	5	7	9	11	13	15	17	19	21	
24	1	3	5	7	9	11	13	15	17	19	21	23	25	2	4	6	8	10	12	14	16	18	20	22	
25	2	4	6	8	10	12	14	16	18	20	22	24	1	3	5	7	9	11	13	15	17	19	21	23	
1	4	7	10	13	16	19	22	25	3	6	9	12	15	18	21	24	2	5	8	11	14	17	20	23	
2	5	8	11	14	17	20	23	1	4	7	10	13	16	19	22	25	3	6	9	12	15	18	21	24	
3	6	9	12	15	18	21	24	2	5	8	11	14	17	20	23	1	4	7	10	13	16	19	22	25	
4	7	10	13	16	19	22	25	3	6	9	12	15	18	21	24	2	5	8	11	14	17	20	23	1	
5	8	11	14	17	20	23	1	4	7	10	13	16	19	22	25	3	6	9	12	15	18	21	24	2	
6	9	12	15	18	21	24	2	5	8	11	14	17	20	23	1	4	7	10	13	16	19	22	25	3	
7	10	13	16	19	22	25	3	6	9	12	15	18	21	24	2	5	8	11	14	17	20	23	1	4	
8	11	14	17	20	23	1	4	7	10	13	16	19	22	25	3	6	9	12	15	18	21	24	2	5	
9	12	15	18	21	24	2	5	8	11	14	17	20	23	1	4	7	10	13	16	19	22	25	3	6	
10	13	16	19	22	25	3	6	9	12	15	18	21	24	2	5	8	11	14	17	20	23	1	4	7	
11	14	17	20	23	1	4	7	10	13	16	19	22	25	3	6	9	12	15	18	21	24	2	5	8	
12	15	18	21	24	2	5	8	11	14	17	20	23	1	4	7	10	13	16	19	22	25	3	6	9	
13	16	19	22	25	3	6	9	12	15	18	21	24	2	5	8	11	14	17	20	23	1	4	7	10	
14	17	20	23	1	4	7	10	13	16	19	22	25	3	6	9	12	15	18	21	24	2	5	8	11	
15	18	21	24	2	5	8	11	14	17	20	23	1	4	7	10	13	16	19	22	25	3	6	9	12	
16	19	22	25	3	6	9	12	15	18	21	24	2	5	8	11	14	17	20	23	1	4	7	10	13	
17	20	23	1	4	7	10	13	16	19	22	25	3	6	9	12	15	18	21	24	2	5	8	11	14	
18	21	24	2	5	8	11	14	17	20	23	1	4	7	10	13	16	19	22	25	3	6	9	12	15	
19	22	25	3	6	9	12	15	18	21	24	2	5	8	11	14	17	20	23	1	4	7	10	13	16	
20	23	1	4	7	10	13	16	19	22	25	3	6	9	12	15	18	21	24	2	5	8	11	14	17	
21	24	2	5	8	11	14	17	20	23	1	4	7	10	13	16	19	22	25	3	6	9	12	15	18	
22	25	3	6	9	12	15	18	21	24	2	5	8	11	14	17	20	23	1	4	7	10	13	16	19	
23	1	4	7	10	13	16	19	22	25	3	6	9	12	15	18	21	24	2	5	8	11	14	17	20	
24	2	5	8	11	14	17	20	23	1	4	7	10	13	16	19	22	25	3	6	9	12	15	18	21	
25	3	6	9	12	15	18	21	24	2	5	8	11	14	17	20	23	1	4	7	10	13	16	19	22	
1	5	9	13	17	21	25	4	8	12	16	20	24	3	7	11	15	19	23	2	6	10	14	18	22	
2	6	10	14	18	22	1	5	9	13	17	21	25	4	8	12	16	20	24	3	7	11	15	19	23	
3	7	11	15	19	23	2	6	10	14	18	22	1	5	9	13	17	21	25	4	8	12	16	20	24	
4	8	12	16	20	24	3	7	11	15	19	23	2	6	10	14	18	22	1	5	9	13	17	21	25	
5	9	13	17	21	25	4	8	12	16	20	24	3	7	11	15	19	23	2	6	10	14	18	22	1	
6	10	14	18	22	1	5	9	13	17	21	25	4	8	12	16	20	24	3	7	11	15	19	23	2	
7	11	15	19	23	2	6	10	14	18	22	1	5	9	13	17	21	25	4	8	12	16	20	24	3	
8	12	16	20	24	3	7	11	15	19	23	2	6	10	14	18	22	1	5	9	13	17	21	25	4	
9	13	17	21	25	4	8	12	16	20	24	3	7	11	15	19	23	2	6	10	14	18	22	1	5	
10	14	18	22	1	5	9	13	17	21	25	4	8	12	16	20	24	3	7	11	15	19	23	2	6	
11	15	19	23	2	6	10	14	18	22	1	5	9	13	17	21	25	4	8	12	16	20	24	3	7	
12	16	20	24	3	7	11	15	19	23	2	6	10	14	18	22	1	5	9	13	17	21	25	4	8	
13	17	21	25	4	8	12	16	20	24	3	7	11	15	19	23	2	6	10	14	18	22	1	5	9	
14	18	22	1	5	9	13	17	21	25	4	8	12	16	20	24	3	7	11	15	19	23	2	6	10	
15	19	23	2	6	10	14	18	22	1	5	9	13	17	21	25	4	8	12	16	20	24	3	7	11	
16	20	24	3	7	11	15	19	23	2	6	10	14	18	22	1	5	9	13	17	21	25	4	8	12	
17	21	25	4	8	12	16	20	24	3	7	11	15	19	23	2	6	10	14	18	22	1	5	9	13	
18	22	1	5	9	13	17	21	25	4	8	12	16	20	24	3	7	11	15	19	23	2	6	10	14	
19	23	2	6	10	14	18	22	1	5	9	13	17	21	25	4	8	12	16	20	24	3	7	11	15	
20	24	3	7	11	15	19	23	2	6	10	14	18	22	1	5	9	13	17	21	25	4	8	12	16	
21	25	4	8	12	16	20	24	3	7	11	15	19	23	2	6	10	14	18	22	1	5	9	13	17	
22	1	5	9	13	17	21	25	4	8	12	16	20	24	3	7	11	15	19	23	2	6	10	14	18	
23	2	6	10	14	18	22	1	5	9	13	17	21	25	4	8	12	16	20	24	3	7	11	15	19	
24	3	7	11	15	19	23	2	6	10	14	18	22	1	5	9	13	17	21	25	4	8	12	16	20	
25	4	8	12	16	20	24	3	7	11	15	19	23	2	6	10	14	18	22	1	5	9	13	17	21	
