1	2	5	7	10	11	12	16	20	21	15	26	25	17	8	24	23	3	6	16	18	10	4	1	14	
2	3	6	8	11	12	13	17	21	22	16	1	26	18	9	25	24	4	7	17	19	11	5	2	15	
3	4	7	9	12	13	14	18	22	23	17	2	1	19	10	26	25	5	8	18	20	12	6	3	16	
4	5	8	10	13	14	15	19	23	24	18	3	2	20	11	1	26	6	9	19	21	13	7	4	17	
5	6	9	11	14	15	16	20	24	25	19	4	3	21	12	2	1	7	10	20	22	14	8	5	18	
6	7	10	12	15	16	17	21	25	26	20	5	4	22	13	3	2	8	11	21	23	15	9	6	19	
7	8	11	13	16	17	18	22	26	1	21	6	5	23	14	4	3	9	12	22	24	16	10	7	20	
8	9	12	14	17	18	19	23	1	2	22	7	6	24	15	5	4	10	13	23	25	17	11	8	21	
9	10	13	15	18	19	20	24	2	3	23	8	7	25	16	6	5	11	14	24	26	18	12	9	22	
10	11	14	16	19	20	21	25	3	4	24	9	8	26	17	7	6	12	15	25	1	19	13	10	23	
11	12	15	17	20	21	22	26	4	5	25	10	9	1	18	8	7	13	16	26	2	20	14	11	24	
12	13	16	18	21	22	23	1	5	6	26	11	10	2	19	9	8	14	17	1	3	21	15	12	25	
13	14	17	19	22	23	24	2	6	7	1	12	11	3	20	10	9	15	18	2	4	22	16	13	26	
14	15	18	20	23	24	25	3	7	8	2	13	12	4	21	11	10	16	19	3	5	23	17	14	1	
15	16	19	21	24	25	26	4	8	9	3	14	13	5	22	12	11	17	20	4	6	24	18	15	2	
16	17	20	22	25	26	1	5	9	10	4	15	14	6	23	13	12	18	21	5	7	25	19	16	3	
17	18	21	23	26	1	2	6	10	11	5	16	15	7	24	14	13	19	22	6	8	26	20	17	4	
18	19	22	24	1	2	3	7	11	12	6	17	16	8	25	15	14	20	23	7	9	1	21	18	5	
19	20	23	25	2	3	4	8	12	13	7	18	17	9	26	16	15	21	24	8	10	2	22	19	6	
20	21	24	26	3	4	5	9	13	14	8	19	18	10	1	17	16	22	25	9	11	3	23	20	7	
21	22	25	1	4	5	6	10	14	15	9	20	19	11	2	18	17	23	26	10	12	4	24	21	8	
22	23	26	2	5	6	7	11	15	16	10	21	20	12	3	19	18	24	1	11	13	5	25	22	9	
23	24	1	3	6	7	8	12	16	17	11	22	21	13	4	20	19	25	2	12	14	6	26	23	10	
24	25	2	4	7	8	9	13	17	18	12	23	22	14	5	21	20	26	3	13	15	7	1	24	11	
25	26	3	5	8	9	10	14	18	19	13	24	23	15	6	22	21	1	4	14	16	8	2	25	12	
26	1	4	6	9	10	11	15	19	20	14	25	24	16	7	23	22	2	5	15	17	9	3	26	13	
1	3	9	13	19	21	23	2	8	10	6	18	20	24	4	26	5	16	25	14	12	15	7	17	11	
2	4	10	14	20	22	24	3	9	11	7	19	21	25	5	1	6	17	26	15	13	16	8	18	12	
3	5	11	15	21	23	25	4	10	12	8	20	22	26	6	2	7	18	1	16	14	17	9	19	13	
4	6	12	16	22	24	26	5	11	13	9	21	23	1	7	3	8	19	2	17	15	18	10	20	14	
5	7	13	17	23	25	1	6	12	14	10	22	24	2	8	4	9	20	3	18	16	19	11	21	15	
6	8	14	18	24	26	2	7	13	15	11	23	25	3	9	5	10	21	4	19	17	20	12	22	16	
7	9	15	19	25	1	3	8	14	16	12	24	26	4	10	6	11	22	5	20	18	21	13	23	17	
8	10	16	20	26	2	4	9	15	17	13	25	1	5	11	7	12	23	6	21	19	22	14	24	18	
9	11	17	21	1	3	5	10	16	18	14	26	2	6	12	8	13	24	7	22	20	23	15	25	19	
10	12	18	22	2	4	6	11	17	19	15	1	3	7	13	9	14	25	8	23	21	24	16	26	20	
11	13	19	23	3	5	7	12	18	20	16	2	4	8	14	10	15	26	9	24	22	25	17	1	21	
12	14	20	24	4	6	8	13	19	21	17	3	5	9	15	11	16	1	10	25	23	26	18	2	22	
13	15	21	25	5	7	9	14	20	22	18	4	6	10	16	12	17	2	11	26	24	1	19	3	23	
14	16	22	26	6	8	10	15	21	23	19	5	7	11	17	13	18	3	12	1	25	2	20	4	24	
15	17	23	1	7	9	11	16	22	24	20	6	8	12	18	14	19	4	13	2	26	3	21	5	25	
16	18	24	2	8	10	12	17	23	25	21	7	9	13	19	15	20	5	14	3	1	4	22	6	26	
17	19	25	3	9	11	13	18	24	26	22	8	10	14	20	16	21	6	15	4	2	5	23	7	1	
18	20	26	4	10	12	14	19	25	1	23	9	11	15	21	17	22	7	16	5	3	6	24	8	2	
19	21	1	5	11	13	15	20	26	2	24	10	12	16	22	18	23	8	17	6	4	7	25	9	3	
20	22	2	6	12	14	16	21	1	3	25	11	13	17	23	19	24	9	18	7	5	8	26	10	4	
21	23	3	7	13	15	17	22	2	4	26	12	14	18	24	20	25	10	19	8	6	9	1	11	5	
22	24	4	8	14	16	18	23	3	5	1	13	15	19	25	21	26	11	20	9	7	10	2	12	6	
23	25	5	9	15	17	19	24	4	6	2	14	16	20	26	22	1	12	21	10	8	11	3	13	7	
24	26	6	10	16	18	20	25	5	7	3	15	17	21	1	23	2	13	22	11	9	12	4	14	8	
25	1	7	11	17	19	21	26	6	8	4	16	18	22	2	24	3	14	23	12	10	13	5	15	9	
26	2	8	12	18	20	22	1	7	9	5	17	19	23	3	25	4	15	24	13	11	14	6	16	10	
1	4	12	17	2	5	8	14	15	18	23	11	16	21	24	25	10	22	20	2	1	13	9	7	3	
2	5	13	18	3	6	9	15	16	19	24	12	17	22	25	26	11	23	21	3	2	14	10	8	4	
3	6	14	19	4	7	10	16	17	20	25	13	18	23	26	1	12	24	22	4	3	15	11	9	5	
4	7	15	20	5	8	11	17	18	21	26	14	19	24	1	2	13	25	23	5	4	16	12	10	6	
5	8	16	21	6	9	12	18	19	22	1	15	20	25	2	3	14	26	24	6	5	17	13	11	7	
6	9	17	22	7	10	13	19	20	23	2	16	21	26	3	4	15	1	25	7	6	18	14	12	8	
7	10	18	23	8	11	14	20	21	24	3	17	22	1	4	5	16	2	26	8	7	19	15	13	9	
8	11	19	24	9	12	15	21	22	25	4	18	23	2	5	6	17	3	1	9	8	20	16	14	10	
9	12	20	25	10	13	16	22	23	26	5	19	24	3	6	7	18	4	2	10	9	21	17	15	11	
10	13	21	26	11	14	17	23	24	1	6	20	25	4	7	8	19	5	3	11	10	22	18	16	12	
11	14	22	1	12	15	18	24	25	2	7	21	26	5	8	9	20	6	4	12	11	23	19	17	13	
12	15	23	2	13	16	19	25	26	3	8	22	1	6	9	10	21	7	5	13	12	24	20	18	14	
13	16	24	3	14	17	20	26	1	4	9	23	2	7	10	11	22	8	6	14	13	25	21	19	15	
14	17	25	4	15	18	21	1	2	5	10	24	3	8	11	12	23	9	7	15	14	26	22	20	16	
15	18	26	5	16	19	22	2	3	6	11	25	4	9	12	13	24	10	8	16	15	1	23	21	17	
16	19	1	6	17	20	23	3	4	7	12	26	5	10	13	14	25	11	9	17	16	2	24	22	18	
17	20	2	7	18	21	24	4	5	8	13	1	6	11	14	15	26	12	10	18	17	3	25	23	19	
18	21	3	8	19	22	25	5	6	9	14	2	7	12	15	16	1	13	11	19	18	4	26	24	20	
19	22	4	9	20	23	26	6	7	10	15	3	8	13	16	17	2	14	12	20	19	5	1	25	21	
20	23	5	10	21	24	1	7	8	11	16	4	9	14	17	18	3	15	13	21	20	6	2	26	22	
21	24	6	11	22	25	2	8	9	12	17	5	10	15	18	19	4	16	14	22	21	7	3	1	23	
22	25	7	12	23	26	3	9	10	13	18	6	11	16	19	20	5	17	15	23	22	8	4	2	24	
23	26	8	13	24	1	4	10	11	14	19	7	12	17	20	21	6	18	16	24	23	9	5	3	25	
24	1	9	14	25	2	5	11	12	15	20	8	13	18	21	22	7	19	17	25	24	10	6	4	26	
25	2	10	15	26	3	6	12	13	16	21	9	14	19	22	23	8	20	18	26	25	11	7	5	1	
26	3	11	16	1	4	7	13	14	17	22	10	15	20	23	24	9	21	19	1	26	12	8	6	2	
1	5	14	26	9	2	20	22	4	11	17	24	6	12	19	3	15	25	18	13	7	23	5	21	2	
2	6	15	1	10	3	21	23	5	12	18	25	7	13	20	4	16	26	19	14	8	24	6	22	3	
3	7	16	2	11	4	22	24	6	13	19	26	8	14	21	5	17	1	20	15	9	25	7	23	4	
4	8	17	3	12	5	23	25	7	14	20	1	9	15	22	6	18	2	21	16	10	26	8	24	5	
5	9	18	4	13	6	24	26	8	15	21	2	10	16	23	7	19	3	22	17	11	1	9	25	6	
6	10	19	5	14	7	25	1	9	16	22	3	11	17	24	8	20	4	23	18	12	2	10	26	7	
7	11	20	6	15	8	26	2	10	17	23	4	12	18	25	9	21	5	24	19	13	3	11	1	8	
8	12	21	7	16	9	1	3	11	18	24	5	13	19	26	10	22	6	25	20	14	4	12	2	9	
9	13	22	8	17	10	2	4	12	19	25	6	14	20	1	11	23	7	26	21	15	5	13	3	10	
10	14	23	9	18	11	3	5	13	20	26	7	15	21	2	12	24	8	1	22	16	6	14	4	11	
11	15	24	10	19	12	4	6	14	21	1	8	16	22	3	13	25	9	2	23	17	7	15	5	12	
12	16	25	11	20	13	5	7	15	22	2	9	17	23	4	14	26	10	3	24	18	8	16	6	13	
13	17	26	12	21	14	6	8	16	23	3	10	18	24	5	15	1	11	4	25	19	9	17	7	14	
14	18	1	13	22	15	7	9	17	24	4	11	19	25	6	16	2	12	5	26	20	10	18	8	15	
15	19	2	14	23	16	8	10	18	25	5	12	20	26	7	17	3	13	6	1	21	11	19	9	16	
16	20	3	15	24	17	9	11	19	26	6	13	21	1	8	18	4	14	7	2	22	12	20	10	17	
17	21	4	16	25	18	10	12	20	1	7	14	22	2	9	19	5	15	8	3	23	13	21	11	18	
18	22	5	17	26	19	11	13	21	2	8	15	23	3	10	20	6	16	9	4	24	14	22	12	19	
19	23	6	18	1	20	12	14	22	3	9	16	24	4	11	21	7	17	10	5	25	15	23	13	20	
20	24	7	19	2	21	13	15	23	4	10	17	25	5	12	22	8	18	11	6	26	16	24	14	21	
21	25	8	20	3	22	14	16	24	5	11	18	26	6	13	23	9	19	12	7	1	17	25	15	22	
22	26	9	21	4	23	15	17	25	6	12	19	1	7	14	24	10	20	13	8	2	18	26	16	23	
23	1	10	22	5	24	16	18	26	7	13	20	2	8	15	25	11	21	14	9	3	19	1	17	24	
24	2	11	23	6	25	17	19	1	8	14	21	3	9	16	26	12	22	15	10	4	20	2	18	25	
25	3	12	24	7	26	18	20	2	9	15	22	4	10	17	1	13	23	16	11	5	21	3	19	26	
26	4	13	25	8	1	19	21	3	10	16	23	5	11	18	2	14	24	17	12	6	22	4	20	1	
