1	2	5	7	9	10	11	13	14	17	26	18	19	21	24	29	30	8	15	20	22	3	4	13	1	10	28	23	7	
2	3	6	8	10	11	12	14	15	18	27	19	20	22	25	30	1	9	16	21	23	4	5	14	2	11	29	24	8	
3	4	7	9	11	12	13	15	16	19	28	20	21	23	26	1	2	10	17	22	24	5	6	15	3	12	30	25	9	
4	5	8	10	12	13	14	16	17	20	29	21	22	24	27	2	3	11	18	23	25	6	7	16	4	13	1	26	10	
5	6	9	11	13	14	15	17	18	21	30	22	23	25	28	3	4	12	19	24	26	7	8	17	5	14	2	27	11	
6	7	10	12	14	15	16	18	19	22	1	23	24	26	29	4	5	13	20	25	27	8	9	18	6	15	3	28	12	
7	8	11	13	15	16	17	19	20	23	2	24	25	27	30	5	6	14	21	26	28	9	10	19	7	16	4	29	13	
8	9	12	14	16	17	18	20	21	24	3	25	26	28	1	6	7	15	22	27	29	10	11	20	8	17	5	30	14	
9	10	13	15	17	18	19	21	22	25	4	26	27	29	2	7	8	16	23	28	30	11	12	21	9	18	6	1	15	
10	11	14	16	18	19	20	22	23	26	5	27	28	30	3	8	9	17	24	29	1	12	13	22	10	19	7	2	16	
11	12	15	17	19	20	21	23	24	27	6	28	29	1	4	9	10	18	25	30	2	13	14	23	11	20	8	3	17	
12	13	16	18	20	21	22	24	25	28	7	29	30	2	5	10	11	19	26	1	3	14	15	24	12	21	9	4	18	
13	14	17	19	21	22	23	25	26	29	8	30	1	3	6	11	12	20	27	2	4	15	16	25	13	22	10	5	19	
14	15	18	20	22	23	24	26	27	30	9	1	2	4	7	12	13	21	28	3	5	16	17	26	14	23	11	6	20	
15	16	19	21	23	24	25	27	28	1	10	2	3	5	8	13	14	22	29	4	6	17	18	27	15	24	12	7	21	
16	17	20	22	24	25	26	28	29	2	11	3	4	6	9	14	15	23	30	5	7	18	19	28	16	25	13	8	22	
17	18	21	23	25	26	27	29	30	3	12	4	5	7	10	15	16	24	1	6	8	19	20	29	17	26	14	9	23	
18	19	22	24	26	27	28	30	1	4	13	5	6	8	11	16	17	25	2	7	9	20	21	30	18	27	15	10	24	
19	20	23	25	27	28	29	1	2	5	14	6	7	9	12	17	18	26	3	8	10	21	22	1	19	28	16	11	25	
20	21	24	26	28	29	30	2	3	6	15	7	8	10	13	18	19	27	4	9	11	22	23	2	20	29	17	12	26	
21	22	25	27	29	30	1	3	4	7	16	8	9	11	14	19	20	28	5	10	12	23	24	3	21	30	18	13	27	
22	23	26	28	30	1	2	4	5	8	17	9	10	12	15	20	21	29	6	11	13	24	25	4	22	1	19	14	28	
23	24	27	29	1	2	3	5	6	9	18	10	11	13	16	21	22	30	7	12	14	25	26	5	23	2	20	15	29	
24	25	28	30	2	3	4	6	7	10	19	11	12	14	17	22	23	1	8	13	15	26	27	6	24	3	21	16	30	
25	26	29	1	3	4	5	7	8	11	20	12	13	15	18	23	24	2	9	14	16	27	28	7	25	4	22	17	1	
26	27	30	2	4	5	6	8	9	12	21	13	14	16	19	24	25	3	10	15	17	28	29	8	26	5	23	18	2	
27	28	1	3	5	6	7	9	10	13	22	14	15	17	20	25	26	4	11	16	18	29	30	9	27	6	24	19	3	
28	29	2	4	6	7	8	10	11	14	23	15	16	18	21	26	27	5	12	17	19	30	1	10	28	7	25	20	4	
29	30	3	5	7	8	9	11	12	15	24	16	17	19	22	27	28	6	13	18	20	1	2	11	29	8	26	21	5	
30	1	4	6	8	9	10	12	13	16	25	17	18	20	23	28	29	7	14	19	21	2	3	12	30	9	27	22	6	
1	3	9	13	17	19	21	25	27	4	14	8	10	16	20	26	28	2	22	6	11	5	7	18	12	24	13	15	30	
2	4	10	14	18	20	22	26	28	5	15	9	11	17	21	27	29	3	23	7	12	6	8	19	13	25	14	16	1	
3	5	11	15	19	21	23	27	29	6	16	10	12	18	22	28	30	4	24	8	13	7	9	20	14	26	15	17	2	
4	6	12	16	20	22	24	28	30	7	17	11	13	19	23	29	1	5	25	9	14	8	10	21	15	27	16	18	3	
5	7	13	17	21	23	25	29	1	8	18	12	14	20	24	30	2	6	26	10	15	9	11	22	16	28	17	19	4	
6	8	14	18	22	24	26	30	2	9	19	13	15	21	25	1	3	7	27	11	16	10	12	23	17	29	18	20	5	
7	9	15	19	23	25	27	1	3	10	20	14	16	22	26	2	4	8	28	12	17	11	13	24	18	30	19	21	6	
8	10	16	20	24	26	28	2	4	11	21	15	17	23	27	3	5	9	29	13	18	12	14	25	19	1	20	22	7	
9	11	17	21	25	27	29	3	5	12	22	16	18	24	28	4	6	10	30	14	19	13	15	26	20	2	21	23	8	
10	12	18	22	26	28	30	4	6	13	23	17	19	25	29	5	7	11	1	15	20	14	16	27	21	3	22	24	9	
11	13	19	23	27	29	1	5	7	14	24	18	20	26	30	6	8	12	2	16	21	15	17	28	22	4	23	25	10	
12	14	20	24	28	30	2	6	8	15	25	19	21	27	1	7	9	13	3	17	22	16	18	29	23	5	24	26	11	
13	15	21	25	29	1	3	7	9	16	26	20	22	28	2	8	10	14	4	18	23	17	19	30	24	6	25	27	12	
14	16	22	26	30	2	4	8	10	17	27	21	23	29	3	9	11	15	5	19	24	18	20	1	25	7	26	28	13	
15	17	23	27	1	3	5	9	11	18	28	22	24	30	4	10	12	16	6	20	25	19	21	2	26	8	27	29	14	
16	18	24	28	2	4	6	10	12	19	29	23	25	1	5	11	13	17	7	21	26	20	22	3	27	9	28	30	15	
17	19	25	29	3	5	7	11	13	20	30	24	26	2	6	12	14	18	8	22	27	21	23	4	28	10	29	1	16	
18	20	26	30	4	6	8	12	14	21	1	25	27	3	7	13	15	19	9	23	28	22	24	5	29	11	30	2	17	
19	21	27	1	5	7	9	13	15	22	2	26	28	4	8	14	16	20	10	24	29	23	25	6	30	12	1	3	18	
20	22	28	2	6	8	10	14	16	23	3	27	29	5	9	15	17	21	11	25	30	24	26	7	1	13	2	4	19	
21	23	29	3	7	9	11	15	17	24	4	28	30	6	10	16	18	22	12	26	1	25	27	8	2	14	3	5	20	
22	24	30	4	8	10	12	16	18	25	5	29	1	7	11	17	19	23	13	27	2	26	28	9	3	15	4	6	21	
23	25	1	5	9	11	13	17	19	26	6	30	2	8	12	18	20	24	14	28	3	27	29	10	4	16	5	7	22	
24	26	2	6	10	12	14	18	20	27	7	1	3	9	13	19	21	25	15	29	4	28	30	11	5	17	6	8	23	
25	27	3	7	11	13	15	19	21	28	8	2	4	10	14	20	22	26	16	30	5	29	1	12	6	18	7	9	24	
26	28	4	8	12	14	16	20	22	29	9	3	5	11	15	21	23	27	17	1	6	30	2	13	7	19	8	10	25	
27	29	5	9	13	15	17	21	23	30	10	4	6	12	16	22	24	28	18	2	7	1	3	14	8	20	9	11	26	
28	30	6	10	14	16	18	22	24	1	11	5	7	13	17	23	25	29	19	3	8	2	4	15	9	21	10	12	27	
29	1	7	11	15	17	19	23	25	2	12	6	8	14	18	24	26	30	20	4	9	3	5	16	10	22	11	13	28	
30	2	8	12	16	18	20	24	26	3	13	7	9	15	19	25	27	1	21	5	10	4	6	17	11	23	12	14	29	
1	4	12	17	22	25	28	7	10	14	2	29	3	11	6	20	18	24	19	15	30	4	9	16	23	8	21	2	26	
2	5	13	18	23	26	29	8	11	15	3	30	4	12	7	21	19	25	20	16	1	5	10	17	24	9	22	3	27	
3	6	14	19	24	27	30	9	12	16	4	1	5	13	8	22	20	26	21	17	2	6	11	18	25	10	23	4	28	
4	7	15	20	25	28	1	10	13	17	5	2	6	14	9	23	21	27	22	18	3	7	12	19	26	11	24	5	29	
5	8	16	21	26	29	2	11	14	18	6	3	7	15	10	24	22	28	23	19	4	8	13	20	27	12	25	6	30	
6	9	17	22	27	30	3	12	15	19	7	4	8	16	11	25	23	29	24	20	5	9	14	21	28	13	26	7	1	
7	10	18	23	28	1	4	13	16	20	8	5	9	17	12	26	24	30	25	21	6	10	15	22	29	14	27	8	2	
8	11	19	24	29	2	5	14	17	21	9	6	10	18	13	27	25	1	26	22	7	11	16	23	30	15	28	9	3	
9	12	20	25	30	3	6	15	18	22	10	7	11	19	14	28	26	2	27	23	8	12	17	24	1	16	29	10	4	
10	13	21	26	1	4	7	16	19	23	11	8	12	20	15	29	27	3	28	24	9	13	18	25	2	17	30	11	5	
11	14	22	27	2	5	8	17	20	24	12	9	13	21	16	30	28	4	29	25	10	14	19	26	3	18	1	12	6	
12	15	23	28	3	6	9	18	21	25	13	10	14	22	17	1	29	5	30	26	11	15	20	27	4	19	2	13	7	
13	16	24	29	4	7	10	19	22	26	14	11	15	23	18	2	30	6	1	27	12	16	21	28	5	20	3	14	8	
14	17	25	30	5	8	11	20	23	27	15	12	16	24	19	3	1	7	2	28	13	17	22	29	6	21	4	15	9	
15	18	26	1	6	9	12	21	24	28	16	13	17	25	20	4	2	8	3	29	14	18	23	30	7	22	5	16	10	
16	19	27	2	7	10	13	22	25	29	17	14	18	26	21	5	3	9	4	30	15	19	24	1	8	23	6	17	11	
17	20	28	3	8	11	14	23	26	30	18	15	19	27	22	6	4	10	5	1	16	20	25	2	9	24	7	18	12	
18	21	29	4	9	12	15	24	27	1	19	16	20	28	23	7	5	11	6	2	17	21	26	3	10	25	8	19	13	
19	22	30	5	10	13	16	25	28	2	20	17	21	29	24	8	6	12	7	3	18	22	27	4	11	26	9	20	14	
20	23	1	6	11	14	17	26	29	3	21	18	22	30	25	9	7	13	8	4	19	23	28	5	12	27	10	21	15	
21	24	2	7	12	15	18	27	30	4	22	19	23	1	26	10	8	14	9	5	20	24	29	6	13	28	11	22	16	
22	25	3	8	13	16	19	28	1	5	23	20	24	2	27	11	9	15	10	6	21	25	30	7	14	29	12	23	17	
23	26	4	9	14	17	20	29	2	6	24	21	25	3	28	12	10	16	11	7	22	26	1	8	15	30	13	24	18	
24	27	5	10	15	18	21	30	3	7	25	22	26	4	29	13	11	17	12	8	23	27	2	9	16	1	14	25	19	
25	28	6	11	16	19	22	1	4	8	26	23	27	5	30	14	12	18	13	9	24	28	3	10	17	2	15	26	20	
26	29	7	12	17	20	23	2	5	9	27	24	28	6	1	15	13	19	14	10	25	29	4	11	18	3	16	27	21	
27	30	8	13	18	21	24	3	6	10	28	25	29	7	2	16	14	20	15	11	26	30	5	12	19	4	17	28	22	
28	1	9	14	19	22	25	4	7	11	29	26	30	8	3	17	15	21	16	12	27	1	6	13	20	5	18	29	23	
29	2	10	15	20	23	26	5	8	12	30	27	1	9	4	18	16	22	17	13	28	2	7	14	21	6	19	30	24	
30	3	11	16	21	24	27	6	9	13	1	28	2	10	5	19	17	23	18	14	29	3	8	15	22	7	20	1	25	
1	5	14	22	29	3	10	21	26	11	24	9	23	2	12	13	16	27	7	30	19	8	5	15	18	17	4	19	20	
2	6	15	23	30	4	11	22	27	12	25	10	24	3	13	14	17	28	8	1	20	9	6	16	19	18	5	20	21	
3	7	16	24	1	5	12	23	28	13	26	11	25	4	14	15	18	29	9	2	21	10	7	17	20	19	6	21	22	
4	8	17	25	2	6	13	24	29	14	27	12	26	5	15	16	19	30	10	3	22	11	8	18	21	20	7	22	23	
5	9	18	26	3	7	14	25	30	15	28	13	27	6	16	17	20	1	11	4	23	12	9	19	22	21	8	23	24	
6	10	19	27	4	8	15	26	1	16	29	14	28	7	17	18	21	2	12	5	24	13	10	20	23	22	9	24	25	
7	11	20	28	5	9	16	27	2	17	30	15	29	8	18	19	22	3	13	6	25	14	11	21	24	23	10	25	26	
8	12	21	29	6	10	17	28	3	18	1	16	30	9	19	20	23	4	14	7	26	15	12	22	25	24	11	26	27	
9	13	22	30	7	11	18	29	4	19	2	17	1	10	20	21	24	5	15	8	27	16	13	23	26	25	12	27	28	
10	14	23	1	8	12	19	30	5	20	3	18	2	11	21	22	25	6	16	9	28	17	14	24	27	26	13	28	29	
11	15	24	2	9	13	20	1	6	21	4	19	3	12	22	23	26	7	17	10	29	18	15	25	28	27	14	29	30	
12	16	25	3	10	14	21	2	7	22	5	20	4	13	23	24	27	8	18	11	30	19	16	26	29	28	15	30	1	
13	17	26	4	11	15	22	3	8	23	6	21	5	14	24	25	28	9	19	12	1	20	17	27	30	29	16	1	2	
14	18	27	5	12	16	23	4	9	24	7	22	6	15	25	26	29	10	20	13	2	21	18	28	1	30	17	2	3	
15	19	28	6	13	17	24	5	10	25	8	23	7	16	26	27	30	11	21	14	3	22	19	29	2	1	18	3	4	
16	20	29	7	14	18	25	6	11	26	9	24	8	17	27	28	1	12	22	15	4	23	20	30	3	2	19	4	5	
17	21	30	8	15	19	26	7	12	27	10	25	9	18	28	29	2	13	23	16	5	24	21	1	4	3	20	5	6	
18	22	1	9	16	20	27	8	13	28	11	26	10	19	29	30	3	14	24	17	6	25	22	2	5	4	21	6	7	
19	23	2	10	17	21	28	9	14	29	12	27	11	20	30	1	4	15	25	18	7	26	23	3	6	5	22	7	8	
20	24	3	11	18	22	29	10	15	30	13	28	12	21	1	2	5	16	26	19	8	27	24	4	7	6	23	8	9	
21	25	4	12	19	23	30	11	16	1	14	29	13	22	2	3	6	17	27	20	9	28	25	5	8	7	24	9	10	
22	26	5	13	20	24	1	12	17	2	15	30	14	23	3	4	7	18	28	21	10	29	26	6	9	8	25	10	11	
23	27	6	14	21	25	2	13	18	3	16	1	15	24	4	5	8	19	29	22	11	30	27	7	10	9	26	11	12	
24	28	7	15	22	26	3	14	19	4	17	2	16	25	5	6	9	20	30	23	12	1	28	8	11	10	27	12	13	
25	29	8	16	23	27	4	15	20	5	18	3	17	26	6	7	10	21	1	24	13	2	29	9	12	11	28	13	14	
26	30	9	17	24	28	5	16	21	6	19	4	18	27	7	8	11	22	2	25	14	3	30	10	13	12	29	14	15	
27	1	10	18	25	29	6	17	22	7	20	5	19	28	8	9	12	23	3	26	15	4	1	11	14	13	30	15	16	
28	2	11	19	26	30	7	18	23	8	21	6	20	29	9	10	13	24	4	27	16	5	2	12	15	14	1	16	17	
29	3	12	20	27	1	8	19	24	9	22	7	21	30	10	11	14	25	5	28	17	6	3	13	16	15	2	17	18	
30	4	13	21	28	2	9	20	25	10	23	8	22	1	11	12	15	26	6	29	18	7	4	14	17	16	3	18	19	
